{
 "cells": [
  {
   "cell_type": "code",
   "execution_count": 1,
   "metadata": {},
   "outputs": [],
   "source": [
    "import numpy as np\n",
    "from numpy.linalg import inv\n",
    "from numpy.linalg import det\n",
    "cosmomat=np.identity(7)\n",
    "HLISmat=np.identity(49)\n",
    "SNmat=np.identity(4)\n",
    "\n",
    "# list=[\"GRS_nuisance\",\"WF_3x2pt_clusterN_clusterWL_sys_opti\",\"WF_SN\"]\n",
    "\n",
    "# filen=\"/Users/timeifler/Dropbox/cosmolike_store/WFIRST_forecasts/chains/new/GRS_nuisance\"\n",
    "# d1 = np.genfromtxt(filen)\n",
    "# cov=np.cov(d1[100000:,:],rowvar=False)\n",
    "# covDE=cov[np.ix_([3,4],[3,4])]\n",
    "# FM=inv(cov) \n",
    "# FOMDE=(np.power(det(inv(covDE)),1./2))\n",
    "# print FOMDE\n",
    "\n",
    "# filen=\"/Users/timeifler/Dropbox/cosmolike_store/WFIRST_forecasts/chains/new/WF_3x2pt_clusterN_clusterWL_sys_opti\"\n",
    "# d1 = np.genfromtxt(filen)\n",
    "# cov=np.cov(d1[100000:,:],rowvar=False)\n",
    "# covDE=cov[np.ix_([3,4],[3,4])]\n",
    "# FM=inv(cov) \n",
    "# FOMDE=(np.power(det(inv(covDE)),1./2))\n",
    "# print FOMDE\n",
    "\n",
    "# filen=\"/Users/timeifler/Dropbox/cosmolike_store/WFIRST_forecasts/chains/new/WF_SN\"\n",
    "# d1 = np.genfromtxt(filen)\n",
    "# cov=np.cov(d1[100000:,:],rowvar=False)\n",
    "# covDE=cov[np.ix_([1,2],[1,2])]\n",
    "# FM=inv(cov) \n",
    "# FOMDE=(np.power(det(inv(covDE)),1./2))\n",
    "# print FOMDE\n"
   ]
  },
  {
   "cell_type": "code",
   "execution_count": 3,
   "metadata": {},
   "outputs": [],
   "source": [
    "list=[\"GRS_nuisance\",\"WF_3x2pt_clusterN_clusterWL_sys_opti\",\"WF_SN\"]\n",
    "\n",
    "\n",
    "d1 = np.genfromtxt(\"/Users/timeifler/Dropbox/cosmolike_store/WFIRST_forecasts/chains/new/GRS_nuisance\")\n",
    "cov1=np.cov(d1[100000:,:],rowvar=False)\n",
    "\n",
    "\n",
    "d2 = np.genfromtxt(\"/Users/timeifler/Dropbox/cosmolike_store/WFIRST_forecasts/chains/new/WF_3x2pt_clusterN_clusterWL_sys_opti\")\n",
    "cov2=np.cov(d2[100000:,:],rowvar=False) \n",
    "\n",
    "\n",
    "d3 = np.genfromtxt(\"/Users/timeifler/Dropbox/cosmolike_store/WFIRST_forecasts/chains/new/WF_SN\")\n",
    "cov3=np.cov(d3[100000:,:],rowvar=False)\n",
    "\n"
   ]
  },
  {
   "cell_type": "code",
   "execution_count": 4,
   "metadata": {},
   "outputs": [
    {
     "name": "stdout",
     "output_type": "stream",
     "text": [
      "FM incl SN\n",
      "[[ 5.49220273e+05  2.33044116e+05  1.47504189e+05 -5.92824792e+03\n",
      "  -2.08565457e+03 -4.86800735e+05  4.48613425e+04]\n",
      " [ 2.33044116e+05  2.30971497e+05  3.54103600e+04 -6.40553809e+03\n",
      "  -2.59356689e+03 -8.01835609e+04  3.04467069e+04]\n",
      " [ 1.47504189e+05  3.54103600e+04  6.49198594e+04 -4.10636480e+02\n",
      "   2.04259100e+01 -1.74504277e+05  1.95029955e+04]\n",
      " [-5.92824792e+03 -6.40553809e+03 -4.10636480e+02  3.86909977e+03\n",
      "   6.54697110e+02  7.12569941e+01 -9.99312405e+02]\n",
      " [-2.08565457e+03 -2.59356689e+03  2.04259100e+01  6.54697110e+02\n",
      "   1.57299983e+02 -1.33066811e+02 -2.86375759e+02]\n",
      " [-4.86800735e+05 -8.01835609e+04 -1.74504277e+05  7.12569941e+01\n",
      "  -1.33066811e+02  9.98008316e+05 -1.24566696e+05]\n",
      " [ 4.48613425e+04  3.04467069e+04  1.95029955e+04 -9.99312405e+02\n",
      "  -2.86375759e+02 -1.24566696e+05  5.51799238e+04]]\n",
      "FM no SN\n",
      "[[ 5.43798917e+05  2.33044116e+05  1.47504189e+05 -9.33646911e+03\n",
      "  -2.56808086e+03 -4.86800735e+05  4.48613258e+04]\n",
      " [ 2.33044116e+05  2.30971497e+05  3.54103600e+04 -6.40553809e+03\n",
      "  -2.59356689e+03 -8.01835609e+04  3.04467069e+04]\n",
      " [ 1.47504189e+05  3.54103600e+04  6.49198594e+04 -4.10636480e+02\n",
      "   2.04259100e+01 -1.74504277e+05  1.95029955e+04]\n",
      " [-9.33646911e+03 -6.40553809e+03 -4.10636480e+02  1.46051254e+03\n",
      "   3.62655979e+02  7.12569941e+01 -9.99337099e+02]\n",
      " [-2.56808086e+03 -2.59356689e+03  2.04259100e+01  3.62655979e+02\n",
      "   1.09984619e+02 -1.33066811e+02 -2.86374538e+02]\n",
      " [-4.86800735e+05 -8.01835609e+04 -1.74504277e+05  7.12569941e+01\n",
      "  -1.33066811e+02  9.98008316e+05 -1.24566696e+05]\n",
      " [ 4.48613258e+04  3.04467069e+04  1.95029955e+04 -9.99337099e+02\n",
      "  -2.86374538e+02 -1.24566696e+05  5.51799219e+04]]\n",
      "WFIRST DETF FoMDE_noSN=1.072568e+02\n",
      "sigma_w0=7.714601e-02\n",
      "sigma_wa=2.873657e-01\n",
      "WFIRST DETF FoM=3.535210e+02\n",
      "sigma_w0=3.151611e-02\n",
      "sigma_wa=1.713090e-01\n"
     ]
    }
   ],
   "source": [
    "cov1_cosmo=cov1[0:7,0:7]\n",
    "cov2_cosmo=cov2[0:7,0:7]\n",
    "FM_SN=inv(cov3)\n",
    "\n",
    "FMtot=np.zeros((7, 7))\n",
    "FMtot[0,0]=FM_SN[0,0]\n",
    "FMtot[3,3]=FM_SN[1,1]\n",
    "FMtot[4,4]=FM_SN[2,2]\n",
    "FMtot[6,6]=FM_SN[3,3]\n",
    "\n",
    "FMtot[0,6]=FM_SN[0,3]\n",
    "FMtot[6,0]=FM_SN[3,0]\n",
    "FMtot[0,3]=FM_SN[0,1]\n",
    "FMtot[3,0]=FM_SN[1,0]\n",
    "\n",
    "FMtot[0,4]=FM_SN[0,2]\n",
    "FMtot[4,0]=FM_SN[2,0]\n",
    "FMtot[3,4]=FM_SN[1,2]\n",
    "FMtot[4,3]=FM_SN[2,1]\n",
    "\n",
    "FMtot[3,6]=FM_SN[1,3]\n",
    "FMtot[6,3]=FM_SN[3,1]\n",
    "FMtot[4,6]=FM_SN[2,3]\n",
    "FMtot[6,4]=FM_SN[3,2]\n",
    "\n",
    "# Add marginalized clusters and 3x2pt FMs, where marginzalized means only marginalized over systematics. Note that this is possible since the astrophysical \n",
    "# systematics are (assumed to be) independent. Projection into the w0wa space directly is not possible on the individual probe level\n",
    "# See Albrecht et al 2006 p.96 for details.\n",
    "\n",
    "FMtot+=inv(cov1_cosmo)+inv(cov2_cosmo)\n",
    "cov_tot=inv(FMtot)\n",
    "\n",
    "FM_noSN=inv(cov1_cosmo)+inv(cov2_cosmo)\n",
    "cov_noSN=inv(FM_noSN)\n",
    "\n",
    "##########full joint matrix ############\n",
    "print \"FM incl SN\"\n",
    "print FMtot\n",
    "print \"FM no SN\"\n",
    "print FM_noSN\n",
    "\n",
    "covDE_noSN=cov_noSN[np.ix_([3,4],[3,4])]\n",
    "FOMDE_noSN=np.power(det(inv(covDE_noSN)),0.5)\n",
    "print(\"WFIRST DETF FoMDE_noSN=%e\" %FOMDE_noSN)\n",
    "print(\"sigma_w0=%e\" %np.sqrt(covDE_noSN[0,0]))\n",
    "print(\"sigma_wa=%e\" %np.sqrt(covDE_noSN[1,1]))\n",
    "\n",
    "covDE=cov_tot[np.ix_([3,4],[3,4])]\n",
    "FOMDE=np.power(det(inv(covDE)),0.5)\n",
    "print(\"WFIRST DETF FoM=%e\" %FOMDE)\n",
    "print(\"sigma_w0=%e\" %np.sqrt(covDE[0,0]))\n",
    "print(\"sigma_wa=%e\" %np.sqrt(covDE[1,1]))\n"
   ]
  },
  {
   "cell_type": "code",
   "execution_count": null,
   "metadata": {},
   "outputs": [],
   "source": []
  }
 ],
 "metadata": {
  "kernelspec": {
   "display_name": "Python 2",
   "language": "python",
   "name": "python2"
  },
  "language_info": {
   "codemirror_mode": {
    "name": "ipython",
    "version": 2
   },
   "file_extension": ".py",
   "mimetype": "text/x-python",
   "name": "python",
   "nbconvert_exporter": "python",
   "pygments_lexer": "ipython2",
   "version": "2.7.15"
  }
 },
 "nbformat": 4,
 "nbformat_minor": 2
}
